Epoch     Miss Rate
41.000000 12.939488
42.000000 12.637346
43.000000 12.704477
44.000000 12.627008
45.000000 12.622630
46.000000 12.741689
47.000000 12.650192
48.000000 12.570378
49.000000 12.622257
50.000000 12.497265
51.000000 12.379546
52.000000 12.280667
53.000000 12.349267
54.000000 12.238928
55.000000 12.186295
56.000000 12.184306
57.000000 11.972572
58.000000 12.016042
59.000000 12.058285
60.000000 12.067635
61.000000 12.083642
62.000000 12.153395
63.000000 12.159869
64.000000 12.341347
65.000000 11.974592
66.000000 12.149682
67.000000 12.114445
68.000000 12.256303
69.000000 12.367890
70.000000 12.242357
71.000000 12.194818
72.000000 12.343673
73.000000 12.473237
74.000000 12.541033
75.000000 12.603123
76.000000 12.492764
77.000000 12.390257
78.000000 12.343357
79.000000 12.723719
80.000000 12.718069
81.000000 12.666180
82.000000 12.654978
83.000000 12.514740
84.000000 12.696767
85.000000 12.765480
86.000000 12.614677
87.000000 12.570956
88.000000 12.494159
89.000000 12.441164
90.000000 12.414140
91.000000 12.308590
92.000000 12.347376
93.000000 12.422773
94.000000 12.399437
95.000000 12.385745
96.000000 12.377886
97.000000 12.361402
98.000000 12.345096
99.000000 12.374904
100.000000 12.514070
101.000000 12.566497
102.000000 12.463023
103.000000 12.376089
104.000000 12.676442
105.000000 12.670281
106.000000 12.634739
107.000000 12.785682
108.000000 12.838425
109.000000 12.803707
110.000000 12.947800
111.000000 12.821397
112.000000 12.721547
